0.845804 0.155286 0.154196 0.275914
0.578643 0.155286 0.181570 0.275914
0.661199 0.766294 0.183277 0.233706
0.391749 0.766294 0.181076 0.233706
0.387405 0.718682 0.177552 0.281318
0.115596 0.718682 0.180973 0.281318
0.812188 0.136294 0.125193 0.316722
0.545106 0.136294 0.120406 0.316722
0.852929 0.134975 0.147071 0.323610
0.585899 0.134975 0.148804 0.323610
0.657948 0.000000 0.342052 0.483372
0.027008 0.000000 0.419548 0.483373
0.594437 0.476671 0.398387 0.523329
0.000000 0.476671 0.361104 0.523329
0.664350 0.000000 0.287091 0.535469
0.034229 0.000000 0.288281 0.535469
0.566521 0.000000 0.428660 0.502886
0.000000 0.000000 0.363196 0.502886
0.634633 0.167852 0.365367 0.594050
0.003965 0.167852 0.426915 0.594050
0.700292 0.072035 0.229347 0.606709
0.184573 0.072035 0.226105 0.606709
0.704523 0.000000 0.293562 0.429799
0.189674 0.000000 0.287041 0.429799
0.636695 0.061402 0.352248 0.508712
0.119490 0.061402 0.348544 0.508712
0.609912 0.053990 0.352080 0.517858
0.091134 0.053990 0.349807 0.517858
0.630858 0.391856 0.331293 0.590856
0.112428 0.391856 0.328890 0.590856
0.685779 0.661602 0.283486 0.287717
0.248661 0.661602 0.278687 0.287717
0.741538 0.653903 0.258462 0.318466
0.304137 0.653903 0.285532 0.318466
0.567183 0.716085 0.290930 0.283915
0.126655 0.716085 0.290354 0.283915
0.482405 0.466566 0.142300 0.484405
0.031965 0.466566 0.161504 0.484405
0.589331 0.477041 0.142991 0.480897
0.142218 0.477041 0.152355 0.480897
0.666600 0.270623 0.299331 0.400537
0.228276 0.270623 0.295041 0.400538
0.529415 0.613873 0.186600 0.386127
0.087751 0.613873 0.191658 0.386127
0.491462 0.165764 0.145648 0.484443
0.043610 0.165764 0.160474 0.484443
0.714289 0.567867 0.272510 0.432133
0.277301 0.567868 0.266451 0.432132
0.437994 0.373785 0.206878 0.519555
0.000000 0.373785 0.209835 0.519555
